Rank;State_name;state;Per_capita_income;Median_household_income;Median_family_income;Population;Number_of_households;Number_of_families
1; District of Columbia;DC;45877;71648;84094;658893;277378;117864
2; Connecticut;CT;39373;70048;88819;3596677;1355817;887263
3; New Jersey;NJ;37288;69160;87951;8938175;2549336;1610581
4; Massachusetts;MA;36593;71919;88419;6938608;3194844;2203675
5; Maryland;MD;36338;73971;89678;5976407;2165438;1445972
6; New Hampshire;NH;34691;66532;80581;1326813;519756;345901
7; Virginia;VA;34052;64902;78290;8326289;3083820;2058820
8;New York (state) New York;NY;33095;58878;71115;19746227;7282398;4621954
9; North Dakota;ND;33071;59029;75221;739482;305431;187800
10; Alaska;AK;33062;71583;82307;736732;249659;165015
11; Minnesota;MN;32638;61481;77941;5457173;2129195;1369594
12; Colorado;CO;32357;61303;75405;5355866;2039592;1315283
13;Washington (state) Washington;WA;31841;61366;74193;7061530;2679601;1725099
14; Rhode Island;RI;30830;54891;71212;1055173;409654;257165
15; Delaware;DE;30488;59716;72594;935614;349743;233000
16; California;CA;30441;61933;71015;38802500;12758648;8762059
17; Illinois;IL;30417;57444;71796;12880580;4772421;3099184
18; Hawaii;HI;29736;69592;79187;1419561;450769;314151
19; Wyoming;WY;29698;57055;72460;584153;232594;149032
20; Pennsylvania;PA;29220;53234;67876;12787209;4945972;3185054
21; Vermont;VT;29178;54166;67154;626562;257229;162017
22; Iowa;IA;28361;53712;67771;3107126;1241471;801562
23; Wisconsin;WI;28213;52622;67187;5757564;2307685;1485877
24; Maine;ME;27978;49462;62078;1330089;549841;344585
25; Kansas;KS;27870;52504;66425;2904021;1109280;728602
26; Oregon;OR;27646;51075;62670;3970239;1535511;966250
27; Nebraska;NE;27446;52686;66120;1881503;740765;480317
28; Texas;TX;27125;53035;62830;26956958;9277197;6407165
29; South Dakota;SD;26959;50979;66936;853175;334475;211235
30; Ohio;OH;26937;49308;62300;11594163;4593172;2923523
31; Michigan;MI;26613;49847;62143;9909877;3834574;2485159
32; Florida;FL;26582;47463;57212;19893297;7328046;4693411
33; Missouri;MO;26126;48363;61299;6063589;2354809;1508816
34; Montana;MT;25989;46328;60643;1023579;410962;251176
35; North Carolina;NC;25774;46556;57380;9943964;3790620;2492048
36; Nevada;NV;25773;51450;60824;2839099;1021519;642461
37; Arizona;AZ;25715;50068;59700;6731484;2428743;1579481
38;Georgia (U.S. state) Georgia;GA;25615;49321;58885;10097343;3587521;2426392
39; Oklahoma;OK;25229;47529;58710;3878051;1459759;966516
40; Indiana;IN;25140;49446;60780;6596855;2502739;1657223
41; Tennessee;TN;24922;44361;55557;6549352;2509665;1660344
42; Utah;UT;24877;60922;69535;2942902;918370;691495
43; Louisiana;LA;24800;44555;56573;4649676;1718194;1112659
44; South Carolina;SC;24596;45238;56491;4832482;1826914;1201616
45; Idaho;ID;23938;47861;58101;1634464;591587;407499
46; Kentucky;KY;23684;42958;54776;4413457;1712094;1124586
47; New Mexico;NM;23683;44803;54705;2085572;760916;489532
48; Alabama;AL;23606;42830;53764;4849377;1841217;1232515
49; Arkansas;AR;22883;41262;51528;2966369;1131288;752212
50; West Virginia;WV;22714;41059;52413;1850326;735375;472869
52; Mississippi;MS;21036;39680;50178;2994079;1095823;738463
54; Puerto Rico;PR;12081;19775;23793;3195153;1222606;850665